NoteID NoteName : PosID [string, fret] ...

0 E2 : 0 [1, 0]
1 F2 : 0 [1, 1]
2 F#2 : 0 [1, 2]
3 G2 : 0 [1, 3]
4 G#2 : 0 [1, 4]
5 A2 : 0 [2, 0]1 [1, 5]
6 B-2 : 0 [2, 1]1 [1, 6]
7 B2 : 0 [2, 2]1 [1, 7]
8 C3 : 0 [2, 3]1 [1, 8]
9 C#3 : 0 [2, 4]1 [1, 9]
10 D3 : 0 [3, 0]1 [2, 5]2 [1, 10]
11 E-3 : 0 [3, 1]1 [2, 6]2 [1, 11]
12 E3 : 0 [3, 2]1 [2, 7]2 [1, 12]
13 F3 : 0 [3, 3]1 [2, 8]2 [1, 13]
14 F#3 : 0 [3, 4]1 [2, 9]2 [1, 14]
15 G3 : 0 [4, 0]1 [3, 5]2 [2, 10]3 [1, 15]
16 G#3 : 0 [4, 1]1 [3, 6]2 [2, 11]3 [1, 16]
17 A3 : 0 [4, 2]1 [3, 7]2 [2, 12]3 [1, 17]
18 B-3 : 0 [4, 3]1 [3, 8]2 [2, 13]3 [1, 18]
19 B3 : 0 [5, 0]1 [4, 4]2 [3, 9]3 [2, 14]4 [1, 19]
20 C4 : 0 [5, 1]1 [4, 5]2 [3, 10]3 [2, 15]4 [1, 20]
21 C#4 : 0 [5, 2]1 [4, 6]2 [3, 11]3 [2, 16]4 [1, 21]
22 D4 : 0 [5, 3]1 [4, 7]2 [3, 12]3 [2, 17]4 [1, 22]
23 E-4 : 0 [5, 4]1 [4, 8]2 [3, 13]3 [2, 18]4 [1, 23]
24 E4 : 0 [6, 0]1 [5, 5]2 [4, 9]3 [3, 14]4 [2, 19]5 [1, 24]
25 F4 : 0 [6, 1]1 [5, 6]2 [4, 10]3 [3, 15]4 [2, 20]
26 F#4 : 0 [6, 2]1 [5, 7]2 [4, 11]3 [3, 16]4 [2, 21]
27 G4 : 0 [6, 3]1 [5, 8]2 [4, 12]3 [3, 17]4 [2, 22]
28 G#4 : 0 [6, 4]1 [5, 9]2 [4, 13]3 [3, 18]4 [2, 23]
29 A4 : 0 [6, 5]1 [5, 10]2 [4, 14]3 [3, 19]4 [2, 24]
30 B-4 : 0 [6, 6]1 [5, 11]2 [4, 15]3 [3, 20]
31 B4 : 0 [6, 7]1 [5, 12]2 [4, 16]3 [3, 21]
32 C5 : 0 [6, 8]1 [5, 13]2 [4, 17]3 [3, 22]
33 C#5 : 0 [6, 9]1 [5, 14]2 [4, 18]3 [3, 23]
34 D5 : 0 [6, 10]1 [5, 15]2 [4, 19]3 [3, 24]
35 E-5 : 0 [6, 11]1 [5, 16]2 [4, 20]
36 E5 : 0 [6, 12]1 [5, 17]2 [4, 21]
37 F5 : 0 [6, 13]1 [5, 18]2 [4, 22]
38 F#5 : 0 [6, 14]1 [5, 19]2 [4, 23]
39 G5 : 0 [6, 15]1 [5, 20]2 [4, 24]
40 G#5 : 0 [6, 16]1 [5, 21]
41 A5 : 0 [6, 17]1 [5, 22]
42 B-5 : 0 [6, 18]1 [5, 23]
43 B5 : 0 [6, 19]1 [5, 24]
44 C6 : 0 [6, 20]
45 C#6 : 0 [6, 21]
46 D6 : 0 [6, 22]
47 E-6 : 0 [6, 23]
48 E6 : 0 [6, 24]

for i in range(nbOfNote):
    print(f"{i} {allNoteNames[i]} : ", end="")
    p = possiblePosPerNote[i]
    for j in range(len(p)):
        print(f"{j} {p[j]}", end="")
    print()